8756 8341
9496 9213
9998 9871
10021 9769
10489 10278
10362 10502
10131 10351
9743 10175
10330 10813
10052 10486
9881 10192
9139 9652
9350 10062
9048 9992
9389 10062
9076 9648
10330 10813
10313 10805
10151 10340
9834 9906
10151 10151
9890 9925
9506 9582
9444 9521
10069 10077
9848 9874
9657 9697
9567 9611
9641 9683
9737 9771
9681 9718
9620 9660
10489 10278
10712 10750
10529 10885
10092 10124
10151 10151
10112 10123
9709 9812
9416 9557
10151 10151
10043 10058
9710 9764
9316 9403
9436 9526
9585 9653
9596 9662
9383 9463
9350 10062
9413 9897
9389 9547
8593 8822
9436 9526
9124 9228
8912 9035
9015 9123
9641 9683
9579 9623
9498 9547
9506 9553
9495 9546
9590 9632
9531 9577
9548 9591
9998 9871
10330 10148
10691 10489
10323 10411
10529 10885
10151 10340
9953 10045
9543 9756
10151 10340
10142 10145
9907 9957
9242 9386
9389 9547
9426 9563
9581 9690
9257 9400
9881 10192
9991 10052
9907 9957
8927 9089
9710 9764
9168 9260
8974 9081
9049 9147
9657 9697
9522 9568
9458 9508
9476 9524
9498 9547
9545 9589
9481 9529
9502 9548
10131 10351
10085 10437
9953 10045
8608 8992
9709 9812
8766 8971
8203 8468
8293 8532
9506 9582
9186 9278
8974 9081
8941 9047
8912 9035
9108 9206
9006 9110
8985 9086
9389 10062
9523 9896
9581 9690
8856 9029
9596 9662
9200 9289
9006 9110
9085 9179
9681 9718
9557 9600
9481 9529
9494 9541
9531 9577
9584 9625
9512 9558
9531 9574
9496 9213
10023 9930
10330 10148
10330 10130
10712 10750
10366 10687
10085 10437
9682 10118
10313 10805
10143 10424
9991 10052
9224 9365
9413 9897
9251 9825
9523 9896
9173 9353
10052 10486
10143 10424
10142 10145
9377 9498
10043 10058
9468 9537
9186 9278
9230 9315
9848 9874
9622 9662
9522 9568
9521 9566
9579 9623
9632 9671
9557 9600
9555 9597
10362 10502
10366 10687
10151 10340
9446 9658
10112 10123
9417 9541
8766 8971
8733 8927
9890 9925
9468 9537
9168 9260
9060 9156
9124 9228
9304 9387
9200 9289
9117 9208
9048 9992
9251 9825
9426 9563
8863 9043
9585 9653
9304 9387
9108 9206
9184 9272
9737 9771
9632 9671
9545 9589
9546 9589
9590 9632
9654 9690
9584 9625
9591 9630
10021 9769
10330 10130
10323 10411
9683 9936
10092 10124
9446 9658
8608 8992
8353 8742
9834 9906
9377 9498
8927 9089
8583 8769
8593 8822
8863 9043
8856 9029
8616 8799
9139 9652
9224 9365
9242 9386
8583 8769
9316 9403
9060 9156
8941 9047
9021 9119
9567 9611
9521 9566
9476 9524
9498 9545
9506 9553
9546 9589
9494 9541
9523 9567
9743 10175
9682 10118
9543 9756
8353 8742
9416 9557
8733 8927
8293 8532
8403 8618
9444 9521
9230 9315
9049 9147
9021 9119
9015 9123
9184 9272
9085 9179
9069 9162
9076 9648
9173 9353
9257 9400
8616 8799
9383 9463
9117 9208
8985 9086
9069 9162
9620 9660
9555 9597
9502 9548
9523 9567
9548 9591
9591 9630
9531 9574
9561 9601
