28513 53291 71786 84030 90058 89912 83642 71302 52953
33963 58094 75930 87503 92849 92014 85046 72003 52944
38929 62409 79583 90482 95145 93617 85948 72198 52431
43410 66237 82743 92963 96940 94719 86352 71896 51412
47400 69567 85408 94953 98242 95321 86245 71076 49887
50906 72418 87582 96439 99034 95417 85642 69766 47852
53917 74759 89252 97430 99334 95013 84524 67931 45309
56441 76621 90432 97918 99123 94100 82905 65600 42254
58469 77975 91108 97905 98412 92682 80773 62750 38687
60004 78838 91285 97388 97193 90755 78132 59392 34607
61044 79200 90960 96366 95467 88318 74980 55520 30012
