# k l V0lo V0hi VPlo VPhi VClo VChi; denominator 1000000000
0 0 18991269468 18991269469 4193529404 4193529405 144830791329 144830791331
0 1 233483335 233483336 54458566 54458567 1903577245 1903577246
0 2 -78049 -78048 -484 -483 74588 74589
0 3 79 80 27 28 1553 1554
0 4 0 1 0 1 4 5
0 5 0 1 0 1 0 1
0 6 0 1 0 1 0 1
0 7 0 1 0 1 0 1
0 8 0 1 0 1 0 1
1 0 -1302629620 -1302629619 -281344594 -281344593 -10194661569 -10194661568
1 1 10661065 10661066 1929092 1929093 74195831 74195832
1 2 2637 2638 738 739 27476 27477
1 3 1 2 1 2 16 17
1 4 -1 0 0 1 -1 0
1 5 -1 0 -1 0 -1 0
1 6 -1 0 -1 0 -1 0
1 7 -1 0 -1 0 -1 0
2 0 -143516046 -143516045 -31169824 -31169823 -1082812831 -1082812830
2 1 -33918 -33917 -19414 -19413 -769782 -769781
2 2 -85 -84 -41 -40 -1476 -1475
2 3 -1 0 -1 0 -3 -2
2 4 -1 0 -1 0 -1 0
2 5 -1 0 -1 0 -1 0
2 6 -1 0 -1 0 -1 0
3 0 -8362 -8361 101101 101102 2254501 2254502
3 1 -141 -140 106 107 3126 3127
3 2 0 1 0 1 13 14
3 3 0 1 0 1 0 1
3 4 0 1 0 1 0 1
3 5 0 1 0 1 0 1
4 0 4092 4093 830 831 53140 53141
4 1 11 12 4 5 157 158
4 2 0 1 0 1 0 1
4 3 0 1 0 1 0 1
4 4 0 1 0 1 0 1
5 0 -39 -38 -20 -19 -788 -787
5 1 -1 0 -1 0 -3 -2
5 2 -1 0 -1 0 -1 0
5 3 -1 0 -1 0 -1 0
6 0 -1 0 -1 0 0 1
6 1 -1 0 -1 0 0 1
6 2 0 1 0 1 0 1
7 0 0 1 0 1 0 1
7 1 0 1 0 1 0 1
8 0 -1 0 -1 0 -1 0
