373
375
377
377
320
270
281
269
157
151
160
174
159
155
161
187
373
375
377
377
320
270
281
269
157
151
160
174
159
155
161
187
142
136
135
261
257
374
377
377
377
377
377
377
377
377
377
377
142
136
135
261
257
374
377
377
377
377
377
377
377
377
377
377
304
267
228
258
246
286
318
351
257
311
346
377
339
344
349
377
304
267
228
258
246
286
318
351
257
311
346
377
339
344
349
377
158
156
182
347
341
377
377
377
377
377
377
377
377
377
377
377
158
156
182
347
341
377
377
377
377
377
377
377
377
377
377
377
377
377
366
355
258
233
254
258
145
166
188
218
184
181
188
230
377
377
366
355
258
233
254
258
145
166
188
218
184
181
188
230
162
160
188
361
345
377
377
377
377
377
377
377
377
377
377
377
162
160
188
361
345
377
377
377
377
377
377
377
377
377
377
377
290
265
246
330
318
377
377
377
377
377
377
377
377
377
377
377
290
265
246
330
318
377
377
377
377
377
377
377
377
377
377
377
163
161
187
362
348
377
377
377
377
377
377
377
377
377
377
377
163
161
187
362
348
377
377
377
377
377
377
377
377
377
377
377
