350
350
350
350
335
279
289
268
135
92
83
81
102
89
91
101
203
161
156
188
156
173
162
188
117
118
146
253
208
278
271
278
138
138
145
286
279
350
350
350
350
350
350
350
350
350
350
350
350
350
350
350
350
350
350
350
350
350
350
350
350
350
350
350
81
86
77
113
120
197
298
350
339
350
350
350
350
350
350
350
350
350
350
350
350
350
350
350
350
350
350
350
350
350
350
350
117
119
149
326
317
350
350
350
350
350
350
350
350
350
350
350
350
350
350
350
350
350
350
350
350
350
350
350
350
350
350
350
303
294
277
270
265
244
262
255
139
135
148
170
151
145
148
181
287
297
332
350
350
350
350
350
317
337
344
350
350
350
350
350
156
157
196
350
350
350
350
350
350
350
350
350
350
350
350
350
350
350
350
350
350
350
350
350
350
350
350
350
350
350
350
350
82
87
80
139
146
257
350
350
350
350
350
350
350
350
350
350
350
350
350
350
350
350
350
350
350
350
350
350
350
350
350
350
207
210
235
350
350
350
350
350
350
350
350
350
350
350
350
350
350
350
350
350
350
350
350
350
350
350
350
350
350
350
350
350
