[lower] a0=1/50 a1=1/40 degree=12
0 129209164651 7500000000000000
1 5428465139921 90000000000000000
2 760044296060689 7920000000000000000
3 1092940649582843 8800000000000000000
4 1044314206725881 7200000000000000000
5 558056089169363 3520000000000000000
6 869749836558041 5280000000000000000
7 20738082187621661 126720000000000000000
8 1367315895423641 8800000000000000000
9 591190958112991 4224000000000000000
10 148860267871121 1267200000000000000
11 101363016557 1152000000000000
12 6604068237 128000000000000
[upper] a0=1/40 a1=51/2000 degree=12
0 6604068237 128000000000000
1 4419517897559 92160000000000000
2 5606888570649271 126720000000000000000
3 42734937690382073 1056000000000000000000
4 29004747743272159069 792000000000000000000000
5 138153356055849370661 4224000000000000000000000
6 606621083934882369959 21120000000000000000000000
7 6252296094117312182461 253440000000000000000000000
8 821930664234442632717 40000000000000000000000000
9 71976476306856403182711 4400000000000000000000000000
10 119788889028675849578977 9900000000000000000000000000
11 4477333785613615705268077 576000000000000000000000000000
12 1621518449149069788538367 480000000000000000000000000000
